teleportenabled: true
teleportauto: false
godmode: false
flymode: false
muted: false
jailed: false
ip-address: 10.119.209.135
afk: false
socialspy: false
npc: false
powertoolsenabled: true
accepting-pay: true
baltop-exempt: false
timestamps:
  lastteleport: 1782093961121
  lastheal: 0
  mute: 0
  jail: 0
  onlinejail: 0
  logout: 1782094121810
  login: 1782089699787
money: '0'
last-account-name: Gatomomos
lastlocation:
  world: 6fd54992-f0a4-41b1-b428-9be103fbc2f6
  world-name: world
  x: 66.93325650273313
  y: 74.0
  z: -222.6713639693446
  yaw: -105.13160705566406
  pitch: 25.95001983642578
logoutlocation:
  world: 6fd54992-f0a4-41b1-b428-9be103fbc2f6
  world-name: world
  x: 1873.5966083202877
  y: 64.0
  z: -162.78918069205534
  yaw: -162.17706298828125
  pitch: 28.349937438964844
homes:
  home:
    world: 6fd54992-f0a4-41b1-b428-9be103fbc2f6
    world-name: world
    x: 117.6273106847783
    y: 64.0
    z: -224.13249132508113
    yaw: 157.66802978515625
    pitch: 6.14997673034668
  aldea:
    world: 6fd54992-f0a4-41b1-b428-9be103fbc2f6
    world-name: world
    x: 1887.790677875297
    y: 65.5
    z: -155.76665132420567
    yaw: -71.42739868164062
    pitch: 20.999921798706055
  casta:
    world: 6fd54992-f0a4-41b1-b428-9be103fbc2f6
    world-name: world
    x: 53.53357636473054
    y: 75.0
    z: -219.53319901061974
    yaw: 0.768341064453125
    pitch: 8.25002670288086
  strongold:
    world: 6fd54992-f0a4-41b1-b428-9be103fbc2f6
    world-name: world
    x: 1443.8456615364246
    y: -24.0
    z: 1095.5218647044992
    yaw: -99.4498291015625
    pitch: 28.649999618530273
